Chg, spotDist, metRelChg, volDiff, target
50, 236, 92, 69, HOLD
31, 137, 44, 207, HOLD
11, 45, 53, 233, HOLD
12, 247, 71, 241, HOLD
13, 45, 53, 101, HOLD
49, 62, 103, 228, HOLD
15, 133, 21, 184, HOLD
50, 79, 92, 69, WRITE
66, 93, 115, 113, WRITE
24, 212, 82, 140, HOLD
11, 134, 53, 233, HOLD
4, 71, 76, 241, WRITE
13, 202, 53, 101, HOLD
12, 123, 71, 241, HOLD
16, 63, 77, 177, HOLD
107, 180, 155, 0, HOLD
13, 12, 53, 101, HOLD
15, 77, 21, 184, WRITE
60, 74, 100, 219, WRITE
32, 30, 1, 223, HOLD
40, 157, 100, 220, HOLD
82, 58, 134, 205, HOLD
62, 202, 122, 196, HOLD
8, 89, 20, 226, HOLD
21, 82, 54, 199, WRITE
8, 134, 20, 226, HOLD
4, 72, 50, 175, WRITE
131, 78, 190, 171, WRITE
49, 144, 123, 143, HOLD
58, 78, 27, 195, WRITE
40, 45, 100, 220, HOLD
72, 241, 130, 187, HOLD
131, 22, 190, 171, HOLD
11, 127, 53, 206, HOLD
11, 83, 53, 206, WRITE
59, 88, 101, 104, WRITE
11, 178, 79, 212, HOLD
68, 68, 118, 141, WRITE
11, 34, 53, 233, HOLD
62, 79, 122, 196, WRITE
11, 87, 0, 190, WRITE
15, 21, 10, 174, HOLD
133, 67, 178, 148, WRITE
56, 87, 90, 1, HOLD
11, 21, 79, 212, HOLD
67, 141, 40, 101, HOLD
32, 75, 1, 223, WRITE
255, 20, 255, 163, HOLD
31, 67, 85, 228, HOLD
180, 82, 207, 234, WRITE
32, 142, 1, 223, HOLD
11, 180, 22, 228, HOLD
60, 63, 100, 219, HOLD
24, 89, 82, 140, WRITE
11, 76, 0, 190, WRITE
24, 100, 82, 140, HOLD
4, 74, 41, 193, WRITE
21, 150, 54, 199, HOLD
4, 168, 89, 202, HOLD
7, 214, 57, 207, HOLD
15, 43, 10, 174, HOLD
24, 20, 88, 185, HOLD
0, 216, 20, 207, HOLD
13, 191, 53, 101, HOLD
96, 81, 102, 138, WRITE
62, 168, 122, 196, HOLD
31, 70, 44, 207, WRITE
15, 77, 10, 174, WRITE
24, 99, 88, 185, HOLD
8, 123, 20, 226, HOLD
58, 145, 27, 195, HOLD
66, 71, 115, 113, WRITE
4, 127, 76, 241, HOLD
67, 40, 40, 101, HOLD
180, 37, 207, 234, HOLD
58, 234, 27, 195, HOLD
13, 90, 53, 101, WRITE
11, 78, 53, 233, WRITE
20, 78, 69, 255, WRITE
46, 77, 79, 218, WRITE
11, 26, 53, 206, HOLD
11, 77, 79, 212, WRITE
45, 235, 12, 144, HOLD
7, 34, 57, 207, HOLD
29, 161, 80, 203, HOLD
45, 11, 12, 144, HOLD
4, 85, 41, 193, WRITE
29, 72, 80, 203, WRITE
50, 169, 92, 69, HOLD
20, 201, 69, 255, HOLD
20, 179, 69, 255, HOLD
67, 85, 40, 101, WRITE
131, 34, 190, 171, HOLD
20, 112, 69, 255, HOLD
255, 76, 255, 163, WRITE
21, 94, 54, 199, WRITE
91, 75, 102, 157, WRITE
11, 38, 53, 206, HOLD
131, 11, 190, 171, HOLD
66, 172, 115, 113, HOLD
0, 70, 20, 207, WRITE
4, 60, 50, 175, HOLD
4, 105, 76, 241, HOLD
68, 46, 118, 141, HOLD
26, 23, 24, 126, HOLD
4, 145, 89, 202, HOLD
11, 71, 53, 206, WRITE
58, 89, 27, 195, WRITE
36, 87, 116, 235, WRITE
24, 77, 82, 140, WRITE
24, 189, 82, 140, HOLD
72, 84, 130, 187, WRITE
58, 156, 27, 195, HOLD
8, 22, 20, 226, HOLD
44, 89, 89, 190, HOLD
31, 78, 85, 228, WRITE
31, 112, 85, 228, HOLD
68, 79, 118, 141, WRITE
49, 32, 123, 143, HOLD
7, 113, 57, 207, HOLD
41, 71, 87, 174, WRITE
16, 86, 77, 177, WRITE
29, 229, 80, 203, HOLD
67, 74, 40, 101, WRITE
82, 69, 134, 205, WRITE
40, 134, 100, 220, HOLD
82, 148, 134, 205, HOLD
72, 196, 130, 187, HOLD
26, 56, 24, 126, HOLD
29, 94, 80, 203, WRITE
131, 67, 190, 171, WRITE
180, 250, 207, 234, HOLD
4, 78, 89, 202, WRITE
107, 79, 155, 0, WRITE
11, 66, 79, 212, HOLD
11, 88, 79, 212, WRITE
29, 83, 80, 203, WRITE
60, 175, 100, 219, HOLD
54, 46, 89, 131, HOLD
67, 242, 40, 101, HOLD
59, 77, 101, 104, WRITE
0, 14, 20, 207, HOLD
11, 65, 0, 190, HOLD
133, 203, 63, 214, HOLD
4, 11, 89, 202, HOLD
15, 43, 10, 174, HOLD
70, 82, 87, 220, WRITE
15, 133, 10, 174, HOLD
72, 72, 130, 187, WRITE
58, 111, 27, 195, HOLD
96, 238, 102, 138, HOLD
41, 82, 87, 174, WRITE
41, 150, 87, 174, HOLD
45, 123, 12, 144, HOLD
11, 235, 53, 233, HOLD
66, 26, 115, 113, HOLD
0, 193, 20, 207, HOLD
50, 191, 92, 69, HOLD
44, 77, 89, 190, WRITE
15, 201, 21, 184, HOLD
15, 178, 10, 174, HOLD
49, 84, 103, 228, WRITE
4, 82, 76, 241, WRITE
59, 100, 101, 104, HOLD
70, 126, 87, 220, HOLD
26, 90, 24, 126, WRITE
16, 164, 77, 177, HOLD
4, 123, 89, 202, HOLD
31, 89, 85, 228, WRITE
82, 193, 134, 205, HOLD
68, 246, 93, 69, HOLD
7, 90, 57, 207, WRITE
41, 251, 87, 174, HOLD
15, 43, 10, 174, HOLD
40, 179, 100, 220, HOLD
131, 168, 190, 171, HOLD
11, 211, 0, 190, HOLD
50, 191, 92, 69, HOLD
11, 21, 79, 212, HOLD
41, 172, 87, 174, HOLD
11, 101, 53, 233, HOLD
29, 38, 80, 203, HOLD
56, 244, 90, 1, HOLD
62, 101, 122, 196, HOLD
46, 158, 67, 175, HOLD
31, 67, 85, 228, HOLD
26, 101, 24, 126, HOLD
24, 177, 88, 185, HOLD
21, 71, 54, 199, WRITE
255, 87, 255, 163, WRITE
1, 141, 48, 182, HOLD
26, 79, 24, 126, WRITE
91, 86, 102, 157, WRITE
59, 133, 101, 104, HOLD
11, 134, 53, 233, HOLD
107, 68, 155, 0, WRITE
45, 235, 84, 241, HOLD
49, 73, 103, 228, WRITE
4, 127, 76, 241, HOLD
131, 90, 190, 171, WRITE
107, 91, 155, 0, WRITE
12, 191, 71, 241, HOLD
24, 156, 82, 140, HOLD
45, 224, 12, 144, HOLD
0, 227, 20, 207, HOLD
255, 98, 255, 163, HOLD
13, 146, 53, 101, HOLD
54, 23, 89, 131, HOLD
68, 35, 118, 141, HOLD
49, 167, 123, 143, HOLD
46, 80, 67, 175, WRITE
133, 203, 63, 214, HOLD
82, 81, 134, 205, WRITE
46, 145, 79, 218, HOLD
133, 57, 63, 214, HOLD
12, 90, 71, 241, WRITE
66, 82, 115, 113, WRITE
46, 223, 79, 218, HOLD
36, 154, 116, 235, HOLD
180, 71, 207, 234, WRITE
12, 79, 71, 241, WRITE
67, 220, 40, 101, HOLD
62, 157, 122, 196, HOLD
45, 157, 84, 241, HOLD
68, 78, 93, 69, WRITE
26, 225, 24, 126, HOLD
20, 89, 69, 255, WRITE
8, 134, 20, 226, HOLD
31, 81, 44, 207, WRITE
36, 165, 116, 235, HOLD
45, 213, 12, 144, HOLD
7, 79, 57, 207, WRITE
133, 80, 63, 214, WRITE
40, 89, 100, 220, HOLD
45, 89, 12, 144, WRITE
24, 55, 82, 140, HOLD
49, 66, 123, 143, HOLD
15, 10, 10, 174, HOLD
15, 88, 10, 174, WRITE
24, 167, 82, 140, HOLD
107, 147, 155, 0, HOLD
4, 220, 41, 193, HOLD
15, 246, 21, 184, HOLD
24, 132, 88, 185, HOLD
60, 130, 100, 219, HOLD
16, 97, 77, 177, HOLD
26, 247, 24, 126, HOLD
133, 57, 63, 214, HOLD
24, 188, 88, 185, HOLD
68, 10, 93, 69, HOLD
0, 81, 20, 207, WRITE
1, 71, 54, 179, WRITE
45, 78, 84, 241, WRITE
20, 123, 69, 255, HOLD
46, 69, 67, 175, WRITE
1, 74, 48, 182, WRITE
68, 135, 118, 141, HOLD
7, 23, 57, 207, HOLD
59, 32, 101, 104, HOLD
62, 68, 122, 196, WRITE
15, 201, 21, 184, HOLD
62, 191, 122, 196, HOLD
56, 20, 90, 1, HOLD
4, 89, 89, 202, HOLD
1, 82, 54, 179, WRITE
40, 78, 100, 220, WRITE
66, 138, 115, 113, HOLD
8, 78, 20, 226, WRITE
54, 79, 89, 131, WRITE
96, 227, 102, 138, HOLD
180, 205, 207, 234, HOLD
67, 141, 40, 101, HOLD
24, 76, 88, 185, WRITE
4, 83, 50, 175, WRITE
15, 122, 21, 184, HOLD
11, 177, 0, 190, HOLD
44, 134, 89, 190, HOLD
4, 190, 89, 202, HOLD
68, 225, 118, 141, HOLD
58, 111, 27, 195, HOLD
16, 243, 77, 177, HOLD
180, 48, 207, 234, HOLD
133, 78, 178, 148, WRITE
0, 25, 20, 207, HOLD
12, 168, 71, 241, HOLD
46, 91, 67, 175, WRITE
58, 44, 27, 195, HOLD
56, 76, 90, 1, WRITE
15, 234, 21, 184, HOLD
60, 86, 100, 219, WRITE
11, 206, 53, 206, HOLD
49, 245, 123, 143, HOLD
31, 134, 85, 228, HOLD
45, 78, 12, 144, WRITE
4, 26, 76, 241, HOLD
32, 86, 1, 223, WRITE
11, 68, 22, 228, HOLD
1, 119, 48, 182, HOLD
49, 88, 123, 143, WRITE
13, 79, 53, 101, WRITE
67, 220, 40, 101, HOLD
16, 74, 77, 177, WRITE
4, 150, 50, 175, HOLD
45, 67, 84, 241, HOLD
60, 18, 100, 219, HOLD
1, 231, 48, 182, HOLD
133, 123, 178, 148, HOLD
15, 122, 21, 184, HOLD
7, 23, 57, 207, HOLD
46, 89, 79, 218, WRITE
4, 108, 41, 193, HOLD
1, 94, 54, 179, WRITE
56, 177, 90, 1, HOLD
7, 57, 57, 207, HOLD
133, 10, 178, 148, HOLD
45, 146, 84, 241, HOLD
60, 220, 100, 219, HOLD
49, 200, 123, 143, HOLD
70, 70, 87, 220, WRITE
68, 44, 93, 69, HOLD
36, 154, 116, 235, HOLD
131, 22, 190, 171, HOLD
12, 146, 71, 241, HOLD
1, 85, 48, 182, WRITE
180, 59, 207, 234, HOLD
67, 7, 40, 101, HOLD
11, 80, 22, 228, WRITE
11, 202, 53, 233, HOLD
11, 94, 53, 114, WRITE
49, 77, 123, 143, WRITE
70, 149, 87, 220, HOLD
49, 241, 103, 228, HOLD
4, 93, 76, 241, HOLD
11, 143, 0, 190, HOLD
133, 181, 63, 214, HOLD
11, 38, 53, 206, HOLD
96, 70, 102, 138, WRITE
82, 249, 134, 205, HOLD
70, 138, 87, 220, HOLD
11, 191, 53, 233, HOLD
41, 172, 87, 174, HOLD
4, 94, 50, 175, WRITE
24, 88, 88, 185, WRITE
46, 46, 67, 175, HOLD
50, 225, 92, 69, HOLD
133, 225, 63, 214, HOLD
70, 194, 87, 220, HOLD
50, 23, 92, 69, HOLD
49, 28, 103, 228, HOLD
11, 90, 53, 233, WRITE
36, 75, 116, 235, WRITE
--
86, 85, 79, 10, HOLD?
101, 64, 119, 8, HOLD?
9, 150, 59, 11, HOLD?
54, 76, 87, 11, HOLD?
83, 206, 118, 9, HOLD?
121, 145, 143, 7, HOLD?
121, 156, 143, 7, HOLD?
32, 19, 102, 8, HOLD?
150, 145, 113, 5, HOLD?
27, 109, 76, 10, WRITE?
19, 32, 69, 11, HOLD?
92, 77, 116, 11, HOLD?
74, 113, 121, 9, WRITE?
32, 242, 102, 8, HOLD?
57, 181, 105, 10, HOLD?
14, 189, 87, 11, HOLD?
72, 223, 130, 9, HOLD?
62, 113, 108, 10, WRITE?
14, 182, 9, 11, HOLD?
19, 191, 69, 11, HOLD?
22, 226, 26, 11, HOLD?
255, 0, 255, 8, HOLD?
97, 105, 104, 10, WRITE?
71, 48, 131, 12, HOLD?
14, 224, 9, 11, HOLD?
27, 46, 76, 10, HOLD?
54, 151, 87, 11, HOLD?
28, 214, 78, 11, HOLD?
170, 170, 180, 11, HOLD?
72, 191, 130, 9, HOLD?
1, 108, 58, 12, WRITE?
23, 128, 84, 8, HOLD?
121, 103, 143, 7, WRITE?
22, 119, 26, 11, WRITE?
32, 117, 91, 130, WRITE?
76, 225, 119, 10, HOLD?
48, 109, 63, 9, WRITE?
34, 96, 9, 11, WRITE?
121, 114, 143, 2, WRITE?
14, 72, 87, 11, HOLD?
22, 117, 74, 10, WRITE?
5, 152, 82, 10, HOLD?
17, 74, 88, 11, HOLD?
34, 128, 9, 11, WRITE?
4, 61, 66, 11, HOLD?
32, 95, 91, 10, WRITE?
22, 194, 26, 11, HOLD?
11, 199, 49, 13, HOLD?
14, 33, 9, 11, HOLD?
48, 242, 102, 9, HOLD?
48, 119, 63, 10, WRITE?
28, 22, 78, 11, HOLD?
49, 199, 84, 8, HOLD?
86, 159, 79, 10, HOLD?
22, 213, 74, 10, HOLD?
24, 118, 75, 7, WRITE?
62, 124, 108, 7, WRITE?
71, 16, 131, 12, HOLD?
170, 138, 180, 11, HOLD?
150, 208, 113, 5, HOLD?
19, 11, 69, 11, HOLD?
74, 81, 121, 10, WRITE?
49, 72, 84, 8, HOLD?
57, 192, 105, 10, HOLD?
1, 55, 58, 12, HOLD?
17, 200, 84, 11, HOLD?
67, 243, 104, 10, HOLD?
67, 94, 104, 10, HOLD?
32, 93, 102, 8, WRITE?
9, 234, 99, 13, HOLD?
97, 64, 133, 7, HOLD?
137, 146, 111, 11, HOLD?
48, 172, 63, 10, HOLD?
117, 61, 107, 9, HOLD?
28, 182, 78, 11, HOLD?
28, 192, 78, 11, HOLD?
12, 43, 88, 10, HOLD?
62, 219, 108, 10, HOLD?
1, 246, 58, 12, HOLD?
27, 120, 76, 10, WRITE?
22, 109, 26, 11, WRITE?
23, 203, 84, 8, HOLD?
19, 181, 81, 11, HOLD?
255, 74, 255, 8, WRITE?
49, 146, 84, 8, HOLD?
68, 95, 136, 8, WRITE?
22, 130, 26, 11, HOLD?
49, 51, 84, 8, HOLD?
33, 80, 47, 10, HOLD?
22, 183, 26, 11, HOLD?
4, 19, 66, 11, HOLD?
170, 85, 180, 11, WRITE?
1, 25, 0, 11, HOLD?
150, 177, 113, 5, HOLD?
8, 220, 59, 10, HOLD?
1, 34, 58, 12, HOLD?
62, 155, 108, 10, HOLD?
9, 118, 59, 9, WRITE?
1, 78, 0, 11, HOLD?
28, 76, 78, 11, HOLD?
34, 134, 1, 7, HOLD?
86, 53, 79, 10, HOLD?
57, 86, 42, 6, HOLD?
48, 19, 102, 9, HOLD?
11, 199, 49, 13, HOLD?
57, 107, 105, 10, WRITE?
78, 25, 72, 11, HOLD?
1, 87, 58, 12, HOLD?
24, 150, 75, 10, HOLD?
19, 64, 69, 11, HOLD?
8, 92, 59, 10, WRITE?
12, 244, 88, 10, HOLD?
34, 118, 9, 21, WRITE?
14, 22, 9, 11, HOLD?
12, 119, 66, 10, WRITE?
72, 223, 130, 9, HOLD?
4, 72, 66, 11, HOLD?
34, 240, 1, 7, HOLD?
14, 86, 9, 11, WRITE?
137, 82, 111, 11, HOLD?
11, 114, 49, 13, WRITE?
117, 125, 107, 7, WRITE?
34, 161, 47, 10, HOLD?
17, 19, 84, 11, HOLD?
101, 212, 119, 8, HOLD?
34, 34, 47, 10, HOLD?
34, 45, 47, 10, HOLD?
16, 39, 53, 8, HOLD?
4, 136, 66, 11, HOLD?
74, 92, 121, 5, WRITE?
71, 80, 131, 12, WRITE?
28, 107, 78, 7, WRITE?
1, 163, 0, 11, HOLD?
32, 104, 102, 8, WRITE?
4, 114, 66, 7, WRITE?
14, 107, 9, 6, WRITE?
83, 15, 118, 9, HOLD?
12, 64, 88, 10, HOLD?
62, 187, 108, 10, HOLD?
150, 39, 113, 5, HOLD?
93, 125, 93, 7, WRITE?
24, 55, 75, 10, HOLD?
17, 115, 84, 7, WRITE?
1, 173, 0, 11, HOLD?
97, 86, 133, 7, WRITE?
16, 82, 53, 8, WRITE?
137, 199, 111, 11, HOLD?
49, 157, 84, 8, HOLD?
19, 159, 69, 11, HOLD?
34, 140, 47, 10, HOLD?
57, 171, 42, 6, HOLD?
150, 219, 113, 5, HOLD?
67, 169, 104, 10, HOLD?
49, 82, 84, 8, WRITE?
62, 81, 108, 10, WRITE?
34, 59, 1, 7, HOLD?
255, 85, 255, 8, WRITE?
92, 45, 116, 11, HOLD?
97, 116, 104, 10, WRITE?
65, 84, 124, 11, WRITE?
17, 94, 84, 11, WRITE?
83, 100, 118, 9, WRITE?
76, 204, 119, 10, HOLD?
49, 72, 84, 8, HOLD?
67, 84, 104, 10, HOLD?
11, 29, 49, 13, HOLD?
97, 96, 133, 7, WRITE?
1, 88, 0, 11, HOLD?
12, 98, 66, 10, HOLD?
97, 201, 104, 10, HOLD?
23, 22, 84, 8, HOLD?
23, 171, 84, 8, HOLD?
8, 199, 59, 10, HOLD?
48, 225, 63, 10, HOLD?
48, 104, 102, 9, WRITE?
78, 121, 72, 11, WRITE?
92, 119, 116, 11, WRITE?
83, 68, 118, 9, HOLD?
65, 41, 124, 11, HOLD?
27, 67, 76, 10, HOLD?
9, 245, 59, 11, HOLD?
19, 106, 69, 6, WRITE?
68, 180, 136, 8, HOLD?
74, 102, 121, 10, WRITE?
137, 50, 111, 11, HOLD?
19, 118, 81, 11, WRITE?
23, 171, 84, 8, HOLD?
97, 181, 133, 7, HOLD?
14, 83, 87, 11, WRITE?
150, 123, 113, 0, WRITE?
22, 86, 74, 10, HOLD?
1, 173, 0, 11, HOLD?
76, 193, 119, 10, HOLD?
97, 179, 104, 10, HOLD?
22, 141, 26, 11, HOLD?
76, 246, 119, 10, HOLD?
80, 119, 110, 7, WRITE?
14, 97, 9, 11, WRITE?
1, 119, 58, 12, WRITE?
27, 216, 76, 10, HOLD?
83, 121, 118, 12, WRITE?
80, 98, 110, 10, WRITE?
78, 216, 72, 11, HOLD?
49, 114, 84, 5, WRITE?
97, 222, 104, 10, HOLD?
121, 220, 143, 7, HOLD?
80, 34, 110, 10, HOLD?
255, 106, 255, 8, WRITE?
0, 87, 89, 12, WRITE?
4, 72, 66, 11, HOLD?
49, 93, 84, 8, WRITE?
80, 77, 110, 10, WRITE?
1, 44, 58, 12, HOLD?
65, 137, 124, 11, HOLD?
255, 64, 255, 8, WRITE?
23, 107, 84, 8, WRITE?
101, 95, 119, 8, HOLD?
27, 205, 76, 10, HOLD?
34, 98, 47, 10, WRITE?
12, 109, 66, 5, WRITE?
49, 104, 84, 9, WRITE?
62, 219, 108, 10, HOLD?
9, 150, 59, 11, HOLD?
137, 114, 111, 11, WRITE?
5, 78, 82, 10, HOLD?
0, 45, 89, 12, HOLD?
4, 199, 66, 11, HOLD?
48, 215, 63, 10, HOLD?
14, 224, 9, 11, HOLD?
33, 123, 47, 10, WRITE?
65, 105, 124, 11, WRITE?
32, 61, 102, 8, HOLD?
92, 172, 116, 11, HOLD?
74, 166, 121, 10, HOLD?
5, 195, 82, 10, HOLD?
34, 66, 47, 10, HOLD?
57, 171, 42, 6, HOLD?
72, 117, 130, 9, WRITE?
67, 116, 104, 10, WRITE?
170, 117, 180, 11, WRITE?
11, 167, 49, 13, HOLD?
57, 118, 105, 10, WRITE?
12, 225, 66, 10, HOLD?
4, 93, 66, 11, WRITE?
1, 110, 0, 9, WRITE?
17, 179, 84, 11, HOLD?
19, 128, 81, 16, WRITE?
12, 191, 88, 10, HOLD?
1, 204, 58, 12, HOLD?
48, 77, 63, 10, HOLD?
76, 193, 119, 10, HOLD?
83, 111, 118, 5, WRITE?
14, 150, 9, 11, HOLD?
65, 128, 89, 136, WRITE?
1, 120, 0, 11, WRITE?
17, 62, 84, 11, HOLD?
68, 127, 136, 66, WRITE?
83, 79, 118, 9, WRITE?
65, 160, 89, 11, HOLD?
22, 86, 74, 10, HOLD?
9, 160, 59, 11, HOLD?
34, 28, 1, 7, HOLD?
78, 227, 72, 11, HOLD?
16, 29, 53, 8, HOLD?
33, 144, 47, 10, HOLD?
22, 247, 26, 11, HOLD?
4, 104, 66, 11, WRITE?
24, 86, 75, 10, WRITE?
32, 106, 91, 10, WRITE?
65, 160, 89, 11, HOLD?
57, 203, 42, 6, HOLD?
19, 117, 69, 11, WRITE?
68, 116, 136, 12, WRITE?
74, 177, 121, 10, HOLD?
71, 122, 131, 7, HOLD?
76, 119, 119, 10, WRITE?
17, 191, 88, 11, HOLD?
65, 223, 89, 11, HOLD?
34, 192, 9, 11, HOLD?
14, 118, 9, 7, WRITE?
22, 204, 26, 11, HOLD?
27, 237, 76, 10, HOLD?
170, 107, 180, 11, WRITE?
170, 53, 180, 11, HOLD?
78, 142, 72, 11, HOLD?
150, 113, 113, 5, WRITE?
0, 34, 89, 12, HOLD?
34, 130, 47, 10, WRITE?
0, 77, 89, 12, WRITE?
86, 106, 79, 5, WRITE?
5, 237, 82, 10, HOLD?
14, 72, 87, 11, HOLD?
9, 75, 99, 13, HOLD?
23, 54, 84, 8, HOLD?
19, 74, 69, 11, WRITE?
12, 106, 88, 10, WRITE?
68, 106, 136, 8, WRITE?
93, 18, 93, 11, HOLD?
34, 45, 47, 10, HOLD?
12, 183, 66, 10, HOLD?
9, 117, 99, 37, WRITE?
19, 128, 69, 11, WRITE?
12, 172, 66, 10, HOLD?
33, 239, 47, 10, HOLD?
71, 101, 131, 12, WRITE?
14, 115, 87, 11, WRITE?
34, 192, 9, 11, HOLD?
93, 82, 93, 11, HOLD?
17, 62, 84, 11, HOLD?
48, 45, 63, 10, HOLD?
34, 245, 9, 11, HOLD?
1, 140, 58, 12, HOLD?
12, 56, 66, 10, HOLD?
34, 33, 9, 11, HOLD?
67, 126, 104, 5, HOLD?
0, 108, 89, 12, WRITE?
137, 103, 111, 11, WRITE?
28, 118, 78, 6, WRITE?
68, 74, 136, 8, WRITE?
9, 128, 99, 13, HOLD?
9, 160, 99, 13, HOLD?
83, 47, 118, 9, HOLD?
78, 46, 72, 11, HOLD?
19, 11, 69, 11, HOLD?
76, 108, 119, 10, WRITE?
65, 85, 89, 11, WRITE?
92, 130, 116, 12, HOLD?
0, 119, 89, 9, WRITE?
4, 19, 66, 11, HOLD?
1, 46, 0, 11, HOLD?
121, 92, 143, 2, WRITE?
80, 130, 110, 9, HOLD?
0, 161, 89, 12, HOLD?
11, 199, 49, 13, HOLD?
4, 61, 66, 11, HOLD?
9, 96, 99, 13, HOLD?
8, 103, 59, 5, WRITE?
11, 82, 49, 13, WRITE?
4, 189, 66, 11, HOLD?
8, 177, 59, 10, HOLD?
9, 213, 99, 13, HOLD?
121, 124, 143, 3, WRITE?
4, 51, 66, 11, HOLD?
57, 160, 42, 6, HOLD?
67, 41, 104, 10, HOLD?
22, 43, 74, 10, HOLD?
76, 87, 119, 10, HOLD?
97, 75, 133, 7, HOLD?
19, 85, 69, 11, WRITE?
33, 112, 47, 10, WRITE?
11, 241, 49, 13, HOLD?
86, 117, 79, 5, WRITE?
1, 193, 58, 12, HOLD?
65, 179, 124, 11, HOLD?
76, 214, 119, 10, HOLD?
16, 29, 53, 8, HOLD?
34, 113, 1, 7, WRITE?
28, 161, 78, 11, HOLD?
54, 108, 87, 11, WRITE?
48, 45, 63, 10, HOLD?
49, 157, 84, 8, HOLD?
17, 19, 84, 11, HOLD?
121, 145, 143, 7, HOLD?
17, 127, 88, 11, WRITE?
23, 160, 84, 8, HOLD?
5, 120, 82, 10, WRITE?
34, 81, 1, 2, WRITE?
34, 43, 9, 11, HOLD?
5, 35, 82, 10, HOLD?
65, 64, 89, 11, HOLD?
67, 41, 104, 10, HOLD?
8, 114, 59, 8, WRITE?
97, 107, 133, 2, WRITE?
83, 164, 118, 9, HOLD?
71, 239, 131, 12, HOLD?
57, 118, 42, 2, WRITE?
137, 220, 111, 11, HOLD?
22, 130, 26, 11, HOLD?
68, 138, 136, 8, HOLD?
33, 133, 47, 10, HOLD?
19, 86, 81, 11, WRITE?
83, 185, 118, 9, HOLD?
0, 55, 89, 12, HOLD?
48, 114, 102, 9, WRITE?
68, 85, 136, 8, WRITE?
34, 64, 9, 11, HOLD?
97, 232, 104, 10, HOLD?
17, 74, 88, 11, HOLD?
137, 210, 111, 11, HOLD?
97, 43, 133, 7, HOLD?
57, 107, 42, 6, WRITE?
1, 225, 58, 12, HOLD?
34, 107, 9, 11, WRITE?
80, 87, 110, 10, WRITE?
32, 157, 102, 8, HOLD?
17, 83, 84, 11, WRITE?
14, 147, 87, 11, HOLD?
93, 93, 93, 6, HOLD?
65, 117, 89, 6, WRITE?
14, 94, 87, 11, WRITE?
49, 157, 84, 8, HOLD?
65, 107, 89, 11, WRITE?
57, 245, 42, 6, HOLD?
49, 72, 84, 8, HOLD?
67, 147, 104, 10, HOLD?
24, 65, 75, 10, HOLD?
14, 129, 9, 8, WRITE?
101, 117, 119, 8, WRITE?
80, 66, 110, 10, HOLD?
150, 81, 113, 5, HOLD?
34, 183, 47, 10, HOLD?
17, 168, 84, 11, HOLD?
83, 15, 118, 9, HOLD?
121, 220, 143, 7, HOLD?
17, 104, 84, 6, WRITE?
62, 39, 108, 10, HOLD?
62, 39, 108, 10, HOLD?
17, 41, 84, 11, HOLD?
71, 112, 131, 17, WRITE?
24, 129, 75, 10, HOLD?
86, 212, 79, 10, HOLD?
65, 43, 89, 11, HOLD?
34, 108, 47, 10, WRITE?
67, 84, 104, 10, HOLD?
57, 86, 42, 6, HOLD?
101, 106, 119, 32, WRITE?
12, 170, 88, 10, HOLD?
11, 71, 49, 13, HOLD?
65, 96, 89, 11, WRITE?
5, 110, 82, 39, WRITE?
97, 160, 133, 7, HOLD?
49, 19, 84, 8, HOLD?
137, 135, 111, 11, HOLD?
9, 160, 99, 13, HOLD?
22, 107, 74, 10, WRITE?
97, 117, 133, 3, WRITE?
49, 29, 84, 8, HOLD?
17, 168, 84, 11, HOLD?
49, 157, 84, 8, HOLD?
67, 243, 104, 10, HOLD?
32, 178, 102, 8, HOLD?
67, 137, 104, 10, HOLD?
8, 124, 59, 6, HOLD?
8, 82, 59, 10, WRITE?
23, 118, 84, 5, WRITE?
19, 223, 69, 11, HOLD?
68, 223, 136, 8, HOLD?
14, 182, 9, 11, HOLD?
17, 30, 84, 11, HOLD?
14, 104, 87, 11, WRITE?
121, 71, 143, 7, WRITE?
0, 236, 89, 12, HOLD?
12, 24, 66, 10, HOLD?
16, 29, 53, 8, HOLD?
62, 92, 108, 10, WRITE?
9, 149, 99, 13, HOLD?
12, 117, 88, 212, WRITE?
86, 85, 79, 10, HOLD?
11, 167, 49, 13, HOLD?
93, 61, 93, 11, HOLD?
92, 77, 116, 11, HOLD?
24, 97, 75, 10, WRITE?
67, 137, 104, 10, HOLD?
0, 183, 89, 12, HOLD?
65, 179, 124, 11, HOLD?
121, 188, 143, 7, HOLD?
22, 98, 26, 11, HOLD?
32, 115, 102, 8, WRITE?
4, 168, 66, 11, HOLD?
9, 107, 59, 11, WRITE?
14, 203, 9, 11, HOLD?
16, 156, 53, 8, HOLD?
54, 119, 87, 7, WRITE?
65, 64, 89, 11, HOLD?
78, 142, 72, 11, HOLD?
1, 140, 58, 12, HOLD?
80, 215, 110, 10, HOLD?
80, 215, 110, 10, HOLD?
80, 108, 110, 10, WRITE?
117, 115, 107, 9, WRITE?
19, 234, 69, 11, HOLD?
137, 61, 111, 11, HOLD?
32, 85, 91, 10, WRITE?
8, 61, 59, 10, HOLD?
72, 32, 130, 9, HOLD?
97, 192, 133, 7, HOLD?
97, 232, 104, 10, HOLD?
24, 76, 75, 10, WRITE?
17, 117, 88, 11, WRITE?
19, 203, 81, 11, HOLD?
97, 84, 104, 10, WRITE?
11, 103, 49, 13, WRITE?
117, 231, 107, 9, HOLD?
32, 136, 102, 8, HOLD?
62, 177, 108, 10, HOLD?
67, 105, 104, 15, WRITE?
1, 173, 0, 11, HOLD?
72, 128, 130, 4, WRITE?
48, 199, 102, 9, HOLD?
4, 83, 66, 11, WRITE?
255, 117, 255, 13, WRITE?
4, 125, 66, 27, HOLD?
19, 107, 81, 11, WRITE?
22, 236, 26, 11, HOLD?
9, 107, 99, 13, WRITE?
62, 102, 108, 10, WRITE?
34, 208, 1, 7, HOLD?
0, 66, 89, 12, HOLD?
121, 39, 143, 7, HOLD?
0, 13, 89, 12, HOLD?
117, 189, 107, 9, HOLD?
101, 127, 119, 8, HOLD?
76, 44, 119, 10, HOLD?
34, 102, 1, 2, WRITE?
74, 124, 121, 79, HOLD?
34, 87, 47, 10, WRITE?
12, 223, 88, 10, HOLD?
0, 98, 89, 12, WRITE?
19, 43, 81, 11, HOLD?
5, 195, 82, 10, HOLD?
72, 149, 130, 9, HOLD?
83, 174, 118, 9, HOLD?
137, 61, 111, 11, HOLD?
97, 243, 104, 10, HOLD?
83, 36, 118, 9, HOLD?
117, 200, 107, 9, HOLD?
14, 200, 87, 11, HOLD?
17, 32, 88, 11, HOLD?
9, 54, 99, 13, HOLD?
22, 162, 26, 11, HOLD?
12, 215, 66, 10, HOLD?
9, 202, 99, 13, HOLD?
16, 103, 53, 5, WRITE?
117, 93, 107, 9, WRITE?
65, 94, 124, 11, WRITE?
19, 96, 69, 11, WRITE?
12, 181, 88, 10, HOLD?
32, 83, 102, 8, WRITE?
97, 243, 104, 10, HOLD?
255, 11, 255, 8, HOLD?
27, 152, 76, 10, HOLD?
24, 108, 75, 10, WRITE?
19, 149, 69, 11, HOLD?
34, 38, 1, 7, HOLD?
22, 88, 26, 11, HOLD?
11, 231, 49, 13, HOLD?
19, 213, 69, 11, HOLD?
34, 204, 47, 10, HOLD?
12, 151, 66, 10, HOLD?
8, 146, 59, 10, HOLD?
34, 86, 9, 11, WRITE?
76, 98, 119, 10, HOLD?
19, 181, 81, 11, HOLD?
34, 119, 47, 10, WRITE?
97, 147, 104, 10, HOLD?
34, 33, 9, 11, HOLD?
255, 96, 255, 8, WRITE?
92, 108, 116, 11, WRITE?
117, 83, 107, 9, WRITE?
97, 94, 104, 10, WRITE?
32, 127, 91, 5, HOLD?
71, 228, 131, 12, HOLD?
72, 96, 130, 9, HOLD?
150, 177, 113, 5, HOLD?
97, 33, 133, 7, HOLD?
12, 85, 88, 10, HOLD?
11, 61, 49, 13, HOLD?
14, 235, 9, 11, HOLD?
65, 115, 124, 10, WRITE?
78, 110, 72, 11, WRITE?
16, 114, 53, 6, WRITE?
27, 194, 76, 10, HOLD?
0, 236, 89, 12, HOLD?
72, 255, 130, 9, HOLD?
71, 133, 131, 12, HOLD?
121, 82, 143, 7, WRITE?
255, 191, 255, 8, HOLD?
19, 96, 81, 11, WRITE?
92, 193, 116, 11, HOLD?
255, 127, 255, 8, HOLD?
11, 93, 49, 13, WRITE?
0, 236, 89, 12, HOLD?
117, 104, 107, 9, WRITE?
86, 138, 79, 10, HOLD?
80, 215, 110, 10, HOLD?
1, 193, 58, 12, HOLD?
83, 89, 118, 9, WRITE?
12, 140, 66, 10, HOLD?
